4,1,2,3,4,5,6,7,8,9,10,11,12,15,16,17,18,19,20,21,22,23,24,25,26

5,1,6,12,15,21,26

6,1,6,12,15,21,26

7,1,6,12,15,21,26

8,1,2,3,4,5,6,7,8,9,10,11,12,13,14,15,16,17,18,19,20,21,22,23,24,25,26

9,1,6,9,18,21,26

10,1,6,9,18,21,26

11,1,2,3,4,5,6,9,10,11,12,15,16,17,18,21,22,23,24,25,26

12,6,12,15,21

13,6,21

14,6,21

15,6,21

16,6,21

17,6,21

18,6,21

19,6,21

20,6,21

21,6,21

22,6,21
23,1,2,3,4,5,6,7,8,9,10,11,12,15,16,17,18,19,20,21,22,23,24,25,26

24,1,6,12,15,21,26

25,1,6,12,15,21,26

26,1,2,3,6,7,8,9,10,11,12,15,16,17,18,19,20,21,24,25,26

27,3,6,9,18,21,24
28,3,6,9,18,21,24
29,1,2,3,4,5,6,9,10,11,12,15,16,17,18,21,22,23,24,25,26

30,1,12,15,26
31,1,12,15,26
32,1,2,3,4,5,6,7,8,9,10,11,12,13,14,15,16,17,18,19,20,21,22,23,24,25,26


